3.203883495145631310e-01
1.747572815533980639e-01
7.766990291262135249e-02
8.737864077669903196e-02
3.883495145631067624e-02
7.766990291262135249e-02
5.825242718446602130e-02
3.883495145631067624e-02
0.000000000000000000e+00
1.941747572815533812e-02
9.708737864077669061e-03
1.941747572815533812e-02
0.000000000000000000e+00
1.941747572815533812e-02
0.000000000000000000e+00
9.708737864077669061e-03
1.941747572815533812e-02
0.000000000000000000e+00
0.000000000000000000e+00
9.708737864077669061e-03
0.000000000000000000e+00
9.708737864077669061e-03
0.000000000000000000e+00
9.708737864077669061e-03
0.000000000000000000e+00
0.000000000000000000e+00
0.000000000000000000e+00
0.000000000000000000e+00
0.000000000000000000e+00
