3.333333333333333148e-01
1.904761904761904656e-01
1.190476190476190410e-01
7.936507936507936067e-02
5.555555555555555247e-02
4.040404040404040747e-02
3.030303030303030387e-02
2.331002331002331174e-02
1.831501831501831587e-02
1.465201465201465200e-02
1.190476190476190410e-02
9.803921568627450844e-03
8.169934640522876282e-03
6.879944960440316504e-03
5.847953216374268681e-03
5.012531328320801727e-03
4.329004329004329001e-03
3.764351590438546995e-03
3.293807641633728512e-03
2.898550724637681195e-03
2.564102564102564100e-03
2.279202279202279056e-03
2.035002035002034856e-03
1.824484583105272749e-03
1.642036124794745431e-03
1.483129403040415193e-03
1.344086021505376451e-03
1.221896383186705766e-03
1.114081996434937655e-03
1.018589253883371440e-03
9.337068160597572801e-04
8.580008580008580089e-04
7.902639481586849540e-04
7.294744136849399575e-04
6.747638326585694716e-04
6.253908692933083172e-04
5.807200929152148659e-04
5.402047375955487327e-04
5.033725963958521690e-04
4.698144233027954156e-04
4.391743522178304972e-04
4.111419467571179203e-04
3.854455750847980266e-04
3.618468664061369163e-04
3.401360544217686840e-04
3.201280512204881731e-04
3.016591251885369657e-04
2.845840803665443093e-04
2.687738536795140519e-04
2.541134616606314741e-04
2.405002405002405091e-04
2.278423331054909900e-04
2.160573848414138853e-04
2.050714161206640244e-04
1.948178453146308083e-04
1.852366398073539068e-04
1.762735765908690286e-04
1.678795967532085986e-04
1.600102406554019456e-04
1.526251526251526250e-04
1.456876456876456875e-04
1.391643182687958915e-04
1.330247159922313569e-04
1.272410326882212944e-04
1.217878455730118150e-04
1.166418802671099060e-04
1.117818019226469995e-04
1.071880292408943782e-04
1.028425685959932486e-04
9.872886585215351915e-05
9.483167377904220369e-05
9.113693324219640144e-05
8.763166657903499930e-05
8.430388177223619654e-05
8.114248620577734340e-05
7.813720893889670256e-05
7.527853056308341005e-05
7.255761981983943219e-05
6.996627625484515853e-05
6.749687826938003895e-05
6.514233600416910279e-05
6.289604855574948417e-05
6.075186508225802694e-05
5.870404940532797903e-05
5.674724775848371600e-05
5.487645937084139540e-05
5.308700960874874179e-05
5.137452542782136193e-05
4.973491291416748774e-05
4.816433671687798734e-05
4.665920119447555087e-05
4.521613311629589494e-05
4.383196577600112417e-05
4.250372438884957331e-05
4.122861265718408475e-05
4.000400040004000531e-05
3.882741215298000475e-05
3.769651665337864151e-05
3.660911713453118154e-05
